V: 10000E: 30000TiS9.80585
V: 10000 E: 30000 TiS 9.77083
